Individual file obtained from the original one.
20 30
1 1 0 0 1 0 0 0 0 0 1 0 0 1 1 0 0 0 0 0 0 0 0 1 1 0 0 0 1 1 
0 0 0 0 1 1 0 0 0 0 1 0 0 0 1 0 1 0 1 0 0 1 0 1 0 0 0 0 0 0 
0 0 0 0 0 0 1 1 0 1 1 0 1 0 1 0 0 0 0 0 1 0 1 0 1 1 0 0 0 0 
0 0 0 0 0 0 0 1 1 1 0 0 0 0 0 1 0 0 0 0 1 0 1 0 1 1 0 0 0 0 
0 0 1 0 0 0 1 0 0 1 0 0 0 0 0 1 0 0 0 0 1 0 1 0 0 0 0 0 0 0 
0 0 0 0 0 0 0 1 1 0 1 1 1 0 0 0 0 0 0 0 1 0 0 1 0 0 0 0 0 1 
0 1 0 0 0 0 1 0 1 0 0 0 1 0 0 0 0 0 1 0 1 1 0 0 1 0 0 1 0 1 
0 0 0 0 1 0 0 1 0 0 0 1 0 0 1 0 0 0 1 0 1 0 0 0 0 0 0 1 0 1 
0 0 0 0 0 1 0 0 0 0 0 0 0 1 0 0 1 1 0 0 0 1 0 1 0 0 1 0 1 0 
1 1 0 0 1 0 0 0 0 0 0 0 0 0 0 0 1 0 0 1 0 1 0 0 0 0 1 0 1 0 
0 0 0 0 0 0 1 1 1 1 0 0 0 0 0 0 0 0 0 0 0 0 1 0 0 1 0 0 0 0 
0 0 1 0 0 0 0 0 1 1 0 0 1 0 0 0 0 0 0 0 0 0 1 0 0 1 0 1 0 0 
0 0 0 0 0 0 0 0 1 1 0 1 1 0 0 1 0 0 0 0 1 0 0 0 0 0 0 0 0 0 
0 0 0 0 0 0 0 0 0 0 0 1 1 0 1 0 0 0 0 0 1 0 1 1 1 1 1 1 0 0 
0 0 0 1 1 0 0 0 0 0 0 0 0 1 0 0 0 1 1 1 0 1 0 1 0 0 0 0 0 0 
0 0 0 0 1 0 0 1 0 0 1 0 0 1 0 0 0 1 0 0 0 0 0 1 1 0 0 1 1 1 
0 1 0 0 0 0 0 0 0 0 0 0 0 1 1 0 1 0 1 0 0 0 0 1 1 0 0 0 0 1 
0 0 0 0 0 0 1 0 1 0 0 0 1 0 0 1 0 0 0 0 0 0 0 0 1 1 0 1 0 1 
0 0 0 1 0 0 0 0 0 0 1 0 0 1 1 0 0 0 1 0 0 1 0 0 0 0 1 0 0 1 
0 0 1 0 0 0 0 0 1 1 1 1 1 0 0 1 0 0 0 0 1 0 0 0 0 0 0 0 0 1 

 NWRS6  20 customers  30 products 
