Individual file obtained from the original one.
10 20
0 1 0 0 0 0 0 1 0 0 0 0 0 0 0 0 1 0 0 0 
1 0 0 0 1 1 1 0 0 0 0 0 1 0 0 0 0 0 0 0 
0 1 0 0 0 0 0 1 0 0 1 0 0 0 0 0 0 0 1 1 
0 0 1 1 0 0 0 0 0 0 1 1 0 1 0 1 1 1 0 1 
0 1 0 0 0 0 0 0 0 0 0 0 0 0 0 0 1 0 0 1 
0 0 0 1 0 0 0 0 1 1 0 1 0 0 0 0 0 1 0 0 
0 0 0 0 0 0 0 0 1 1 0 1 0 1 1 1 0 0 0 0 
1 0 1 0 0 1 0 0 0 0 0 0 1 1 0 0 0 0 0 0 
0 0 1 0 1 0 1 0 0 1 0 0 1 1 1 0 0 0 0 0 
0 0 0 1 0 0 0 1 0 0 1 0 0 0 0 1 0 0 1 0 

 NWRS2 10 customers  20 products 
