Individual file obtained from the original one.
15 25
1 0 0 0 1 0 1 0 0 0 1 1 1 0 0 0 0 0 0 0 0 0 0 1 1 
0 1 1 0 1 1 0 1 0 0 0 0 0 0 0 0 0 0 0 0 0 0 1 0 0 
1 1 0 0 0 1 0 1 0 1 0 0 0 0 0 0 0 0 0 0 0 0 1 0 0 
0 0 0 0 0 0 0 0 1 0 1 0 0 1 0 0 1 1 0 0 1 0 0 0 0 
0 0 0 0 0 0 1 0 1 0 0 0 0 0 1 0 1 1 0 0 1 0 0 0 1 
0 0 0 1 0 0 0 0 0 0 0 0 0 0 0 1 1 1 1 0 1 0 0 0 0 
0 1 1 0 0 1 0 0 0 0 0 0 1 0 0 0 0 0 0 0 0 1 0 1 0 
0 1 1 0 0 0 0 0 0 1 0 0 0 0 0 0 0 0 0 0 0 1 1 1 0 
0 0 1 0 0 0 0 1 0 1 0 1 1 0 0 0 0 0 0 1 0 0 1 1 0 
0 0 0 1 0 0 0 0 0 0 0 0 0 1 1 0 1 0 1 0 1 0 0 0 0 
0 1 0 0 0 0 1 0 1 0 1 1 0 0 1 0 1 0 0 0 0 0 1 0 0 
0 0 1 1 0 0 0 0 1 0 0 0 0 1 1 1 0 1 0 0 1 1 0 0 0 
0 0 0 1 0 0 0 0 0 0 0 0 0 1 1 0 1 0 1 0 1 0 0 0 0 
0 0 0 0 0 0 0 0 1 0 1 1 0 0 1 0 0 0 0 1 0 0 0 0 1 
0 0 0 0 0 0 1 0 0 0 0 1 0 0 0 0 0 0 0 1 0 1 0 1 1 

 NWRS4 15 customers  25 products
